%VOLUME MAIS
a = [8496 2500 960 320 960 320 520 340 520 1180 1400 340 520 320 520 340 520 320 540 320 520 340 520 320 540 320 520 340 520 320 520 780 960 320 520 320 540 320 520 340 15684 2480 960 320 960 320 540 320 520 1200 1400 320 520 340 520 320 520 340 520 320 540 320 540 320 520 320 540 320 520 340 520 760 960 320 520 340 520 320 540 320 ];

%VOLUME MENOS
b = [ 22720 2500 960 320 940 340 520 320 540 1200 1380 320 540 320 520 340 520 320 540 320 520 320 540 320 540 320 520 340 520 320 520 780 940 340 520 320 540 760 16104 2500 960 320 960 320 520 340 520 1180 1400 340 520 320 520 340 520 320 540 320 520 340 520 320 540 320 520 340 520 320 540 740 960 340 520 320 540 760 16124 2480 940 340 960 320 520 340 520 1200 1380 320 540 320 520 340 520 340 520 320 520 340 520 320 540 320 520 340 520 320 540 760 940 340 520 340 520 760 ];

%CANAL MAIS
c = [ 54300 2500 940 340 960 320 520 320 540 320 960 760 520 340 520 320 540 320 520 340 520 320 540 320 520 340 520 320 520 780 960 320 520 760 520 340 920 360 520 320 15684 2500 960 320 940 340 520 340 520 320 960 760 520 340 520 320 540 320 520 340 520 320 540 320 520 340 520 320 540 760 920 360 520 760 520 340 940 340 520 320 15704 2480 940 340 920 360 520 340 520 320 960 760 540 320 520 340 520 320 520 340 520 320 540 320 540 320 520 320 540 760 960 320 520 760 520 340 960 320 520 320 ];

%CANAL MENOS
d = [ 22404 2480 960 320 960 320 540 320 520 340 940 760 540 320 540 320 520 320 540 320 520 340 520 340 520 320 520 340 520 760 960 320 540 760 520 320 960 760 16124 2500 940 340 960 320 520 320 540 320 960 760 520 340 520 320 540 320 520 340 520 320 540 320 520 340 520 320 520 760 980 320 520 760 520 340 940 760 16124 2500 940 320 960 340 520 320 540 320 960 760 520 340 520 320 520 340 520 320 540 320 520 340 520 320 540 320 520 760 960 340 520 760 520 320 960 760 ];

x = {a b c d};
