%VOLUME MAIS
a = [ 53184 4280 4500 420 1760 400 1760 400 1760 400 680 400 680 400 660 400 680 400 660 420 1760 400 1760 400 1740 440 660 400 680 400 660 400 680 400 680 400 1760 400 1760 400 1760 420 660 400 680 400 660 400 680 400 680 400 660 420 660 400 680 400 1740 420 1760 420 1760 400 1760 400 1760 400 ];

%VOLUME MENOS
b = [ 46132 4280 4500 420 1740 420 1740 420 1740 440 640 420 640 440 640 440 640 420 640 440 1740 420 1740 420 1740 440 640 420 640 440 640 440 640 440 620 440 1740 420 1740 440 640 420 1740 440 640 420 640 440 640 440 640 420 640 440 640 420 1740 440 640 420 1740 440 1720 440 1740 420 1740 420 ];

% CANAL MAIS
c = [ 30224 4300 4480 440 1720 440 1740 420 1740 440 640 420 640 440 640 420 660 420 640 440 1720 440 1740 440 1720 440 640 440 620 440 640 440 640 420 640 440 640 440 1720 440 640 440 640 420 1740 440 640 420 640 440 640 420 1740 440 640 420 1740 440 1720 440 640 440 1720 440 1740 420 1740 440 ];

% CANAL MENOS
d = [ 38412 4300 4480 440 1720 440 1740 420 1740 440 640 420 640 440 640 440 640 420 640 440 1740 420 1740 420 1740 440 640 420 640 440 640 440 640 420 640 440 640 440 640 420 640 440 640 440 1720 440 640 440 640 420 640 440 1740 420 1740 420 1740 440 1720 440 640 440 1720 440 1740 420 1740 420 ];

% ON OFF
e = [ 35852 4300 4480 420 1740 440 1720 440 1740 420 640 440 640 440 640 420 640 440 640 420 1740 440 1720 440 1740 440 620 440 640 440 640 440 620 440 640 440 640 420 1740 440 640 420 640 440 640 440 640 420 640 440 640 440 1720 440 640 420 1740 440 1720 440 1760 400 1740 440 1720 440 1740 420 ];

x = {e b c d};
